677
746
765
1067
1562
2021
2072
2081
3092
3179
3419
4427
4436
5165
5348
5364
5447
6537
6686
6867
7083
7588
8102
8645
8796
8832
8886
8903
9007
9640
9884
10064
10602
12706
13209
13268
14135
14328
14354
14576
15863
15900
16537
17358
17378
17440
17448
17678
17847
18246
18532
18614
18724
19780
20042
20205
20455
20535
20889
20894
21281
21393
21421
21444
22449
22549
23015
23453
23685
24305
24436
24608
25336
25428
25606
25859
25930
25985
26069
26207
26311
26451
26634
26727
27072
27288
27366
27628
27654
27989
28103
28328
28360
28380
29651
29655
30122
30324
30343
30438
30867
31592
31685
32246
32349
32362
32759
32768
33579
33856
33977
34444
34481
35264
35350
35550
36188
36377
37279
37504
39429
39757
39953
40526
41037
41704
42515
42536
42828
42911
42913
43813
44127
44471
44816
45080
45238
45336
45556
45688
45860
45941
46651
46733
46853
47908
48319
48455
48774
49583
49669
49841
50099
50191
50335
50371
50372
50583
50801
51069
51232
51986
52419
52727
52943
53253
53910
54061
54463
54539
54872
54879
56211
56343
57363
57399
57632
58001
59196
59316
59747
59774
59803
60129
60718
60823
60965
61084
61199
61281
61359
61585
61932
61941
62322
62434
62956
63090
63608
65109
65378
65474
65936
66249
66657
67301
67464
67472
67927
68002
68282
68702
68756
68933
69673
71053
71075
71352
71683
71795
71860
72105
72370
72607
72622
73273
73334
73555
73714
74395
74666
74785
74946
75097
75141
75177
75458
75695
76267
76276
76297
76333
76952
77070
77233
77516
77622
77634
77952
78072
78265
78384
78401
78820
79882
80170
80331
80763
80816
81065
81266
81377
81693
81833
82273
82363
82396
82514
83000
83081
83207
83895
84012
84143
84380
85258
85267
85670
85727
85792
85927
86032
86228
86414
86670
86742
86974
87073
87585
87808
87833
87933
88635
88714
88794
89341
89642
89931
89937
90185
90496
92041
92420
92855
93085
93194
93506
93683
93747
93805
93864
94376
94779
95501
95853
95947
97165
97278
97365
97433
97649
97804
98036
98110
98337
98495
99240
99473
100064
100345
100453
100751
101769
101772
101958
102098
102395
102488
102618
103227
104732
105199
106032
106278
106985
107315
107556
109074
109176
109268
109427
109492
110130
110395
110960
110997
112029
112122
112158
112440
112623
112724
112748
113136
113881
113963
114341
114421
114996
116727